#Datos X		 Datos Y
1.083201738971434208e-01 1.226475115456594489e-01
1.828120652771879628e-01 3.940348374503906403e-01
2.513915245401430187e-01 4.826196530807414509e-01
3.273173828543018415e-01 6.891920106624377373e-01
4.692698656772952281e-01 8.357020506944985438e-01
6.772828967075812390e-01 1.042328562677607096e+00
7.385572222690002242e-01 1.134080529830706618e+00
7.597632283656711172e-01 1.349146199248858924e+00
8.149167517255583304e-01 1.637507361949796181e+00
1.050602900965293962e+00 1.747160065785500649e+00
1.073446176546306585e+00 1.947921800625071587e+00
1.295173915154485877e+00 1.937327405843327188e+00
1.271862853918178882e+00 2.211160910729777385e+00
1.328625652606743035e+00 2.321498472344146968e+00
1.459776708941804557e+00 2.315420530550360567e+00
1.582848966853092509e+00 2.587527188357599428e+00
1.639161121703917257e+00 2.668850414132181825e+00
1.739820086129813426e+00 2.837910138662117276e+00
1.971188026216273093e+00 2.809201217740750600e+00
1.945896389322906650e+00 3.025795118973640729e+00
2.172410099508639725e+00 3.117841400577583855e+00
2.207318666737731583e+00 3.157199486019276691e+00
2.289453974260987845e+00 3.360848310748411283e+00
2.460104686701697130e+00 3.379683698684994742e+00
2.420269531122888118e+00 3.508293835337297661e+00
2.596235051527205240e+00 3.560435075071819000e+00
2.641925894517588080e+00 3.568432682825373625e+00
2.865455783617901098e+00 3.697011737591425984e+00
2.843548496049371543e+00 3.821428803461582646e+00
2.906912018650720242e+00 3.746766813131240159e+00
3.178328943330144707e+00 3.760264109002133814e+00
3.110791512672926196e+00 3.972541332798397384e+00
3.370032729620723977e+00 3.876646789781494018e+00
3.481059687767198429e+00 3.995080174036590215e+00
3.509336856806247962e+00 4.045179415481858776e+00
3.538027113992928019e+00 4.031978527098209142e+00
3.724776343467796291e+00 4.048712380948382261e+00
3.762365665016329963e+00 4.142235247252149755e+00
3.989673719320566470e+00 4.031524160259411182e+00
3.958885198252168447e+00 4.047451197962748992e+00
4.038915169457959919e+00 4.103669960477929202e+00
4.182307703830958623e+00 4.072443686280015740e+00
4.333305382532789629e+00 4.149802829230484491e+00
4.401268535946400107e+00 4.083944614521848315e+00
4.534892406181978863e+00 4.098218911322803137e+00
4.638555128346725454e+00 4.082286942071382541e+00
4.732863288868419893e+00 4.059073546688613199e+00
4.726223723990150560e+00 3.953199598249239166e+00
4.917749791537421977e+00 4.014217416127539018e+00
5.084547262006454460e+00 3.873379169693082158e+00
5.010031564737868592e+00 3.872288803073041574e+00
5.149732582381362889e+00 3.773367119533768133e+00
5.351094886573471321e+00 3.836541329481230278e+00
5.312955812664588606e+00 3.692809797162432517e+00
5.591293535472536824e+00 3.559182749850297256e+00
5.581028323691231918e+00 3.439412306491243410e+00
5.778094003122058453e+00 3.377269975774144228e+00
5.801512094744612824e+00 3.442009588180490187e+00
5.936839874253915461e+00 3.237486911281769242e+00
6.082883725324867541e+00 3.223688539186104318e+00
6.101744379713998079e+00 3.031139593802943732e+00
6.280885750960631952e+00 3.011626969251139485e+00
6.343647233958358278e+00 2.943022192007028082e+00
6.380905728455650738e+00 2.815573762624235421e+00
6.470869324352854335e+00 2.704387913517235287e+00
6.625851183680538270e+00 2.531320505893517758e+00
6.657781805429403121e+00 2.349886927009588788e+00
6.824107430982698119e+00 2.235924358821254732e+00
6.921696708018602706e+00 2.150919723939509698e+00
6.985190599103399123e+00 1.998177409772530888e+00
7.069636204790456624e+00 1.894416603536608346e+00
7.110831982384360650e+00 1.734899360143987934e+00
7.203037264730583367e+00 1.508557002071035047e+00
7.381923694951264103e+00 1.441116218425286366e+00
7.469263518203137941e+00 1.211917397969938026e+00
7.601678247028083035e+00 9.514810367821717740e-01
7.766334833690576644e+00 8.249767059793722268e-01
7.738807784256600542e+00 7.219133976766030081e-01
7.941912367351556590e+00 4.903081992061266159e-01
7.999460382950982940e+00 3.315900375354013940e-01
